base 0.17 0.19 0.19 0.2 0.24 0.25 0.25 0.26 0.26 0.27 0.27 0.28 0.3 0.3 0.31 0.31 0.31 0.31 0.32 0.32 0.32 0.33 0.33 0.33 0.33 0.33 0.33 0.34 0.34 0.35 0.35 0.35 0.35 0.35 0.36 0.36 0.36 0.36 0.37 0.37 0.38 0.38 0.38 0.38 0.38 0.38 0.38 0.38 0.39 0.39 0.39 0.39 0.39 0.39 0.39 0.39 0.39 0.39 0.39 0.39 0.39 0.39 0.4 0.4 0.4 0.4 0.4 0.4 0.4 0.4 0.41 0.41 0.41 0.41 0.41 0.41 0.41 0.41 0.41 0.41 0.41 0.41 0.42 0.42 0.42 0.42 0.42 0.42 0.42 0.42 0.42 0.42 0.42 0.42 0.42 0.43 0.43 0.43 0.43 0.43 0.43 0.44 0.44 0.44 0.44 0.44 0.44 0.44 0.44 0.44 0.44 0.44 0.45 0.45 0.45 0.45 0.45 0.45 0.45 0.45 0.45 0.45 0.45 0.45 0.45 0.46 0.46 0.46 0.46 0.46 0.46 0.46 0.46 0.46 0.46 0.47 0.47 0.47 0.47 0.47 0.47 0.47 0.47 0.47 0.47 0.47 0.47 0.48 0.48 0.48 0.48 0.48 0.48 0.48 0.49 0.49 0.49 0.49 0.49 0.49 0.49 0.5 0.5 0.5 0.5 0.51 0.51 0.51 0.51 0.51 0.52 0.52 0.52 0.52 0.52 0.52 0.52 0.53 0.53 0.53 0.53 0.53 0.53 0.54 0.54 0.54 0.54 0.54 0.54 0.55 0.55 0.55 0.55 0.55 0.55 0.55 0.55 0.55 0.55 0.55 0.55 0.55 0.56 0.56 0.56 0.56 0.56 0.56 0.56 0.56 0.57 0.57 0.57 0.57 0.57 0.57 0.57 0.57 0.57 0.57 0.57 0.57 0.57 0.57 0.57 0.57 0.57 0.57 0.57 0.57 0.57 0.58 0.58 0.58 0.58 0.58 0.58 0.58 0.58 0.58 0.58 0.58 0.59 0.59 0.59 0.59 0.59 0.59 0.59 0.59 0.59 0.59 0.59 0.59 0.59 0.59 0.59 0.6 0.6 0.6 0.6 0.6 0.6 0.6 0.6 0.6 0.6 0.6 0.6 0.61 0.61 0.61 0.61 0.61 0.61 0.61 0.61 0.61 0.61 0.61 0.61 0.61 0.61 0.61 0.61 0.62 0.62 0.62 0.62 0.62 0.62 0.62 0.62 0.62 0.63 0.63 0.63 0.63 0.63 0.64 0.64 0.65 0.65 0.66 0.66 0.68 0.68 0.68 0.69 0.69 0.69 0.69 0.69 0.7 0.7 0.7 0.7 0.7 0.71 0.71 0.71 0.71 0.71 0.71 0.71 0.71 0.71 0.72 0.72 0.72 0.72 0.73 0.73 0.73 0.73 0.74 0.76 0.76 0.76 0.76 0.77 0.77 0.77 0.77 0.79 0.79 0.79 0.8 0.8 0.8 0.8 0.8 0.8 0.8 0.8 0.81 0.81 0.81 0.81 0.81 0.81 0.81 0.81 0.82 0.82 0.82 0.83 0.83 0.83 0.83 0.84 0.84 0.84 0.84 0.84 0.84 0.84 0.85 0.85 0.86 0.86 0.86 0.86 0.86 0.87 0.88 0.88 0.89 0.9 0.9 0.9 0.91 0.91 0.92 0.92 0.92 0.93 0.93 
bonr9 0.28 0.39 0.33 0.35 0.33 0.38 0.32 0.4 0.17 0.31 0.3 0.33 0.4 0.42 0.39 0.19 0.26 0.38 0.4 0.39 
rand9 0.36 0.31 0.31 0.26 0.19 0.39 0.31 0.35 0.32 0.33 0.17 0.38 0.45 0.38 0.35 0.25 0.39 0.35 0.35 0.34 
bonr15 0.25 0.19 0.3 0.19 0.35 0.33 0.31 0.35 0.32 0.35 0.19 0.35 0.44 0.25 0.27 0.3 0.19 0.32 0.2 0.44 
rand15 0.39 0.4 0.3 0.27 0.4 0.33 0.25 0.35 0.25 0.33 0.33 0.35 0.33 0.33 0.33 0.19 0.28 0.33 0.3 0.25 
bonr20 0.24 0.35 0.32 0.25 0.31 0.39 0.19 0.33 0.27 0.38 0.26 0.31 0.35 0.27 0.32 0.25 0.33 0.33 0.32 0.38 
rand20 0.33 0.3 0.31 0.17 0.38 0.3 0.33 0.33 0.28 0.19 0.3 0.25 0.28 0.35 0.33 0.19 0.3 0.26 0.38 0.28 
rand358 0.17 0.17 0.17 0.17 0.17 0.17 0.17 0.17 0.17 0.17 0.17 0.19 0.17 0.17 0.17 0.17 0.17 0.17 0.17 0.17 
base 0.17 0.19 0.19 0.2 0.24 0.25 0.25 0.26 0.26 0.27 0.27 0.28 0.3 0.3 0.31 0.31 0.31 0.31 0.32 0.32 0.32 0.33 0.33 0.33 0.33 0.33 0.33 0.34 0.34 0.35 0.35 0.35 0.35 0.35 0.36 0.36 0.36 0.36 0.37 0.37 0.38 0.38 0.38 0.38 0.38 0.38 0.38 0.38 0.39 0.39 0.39 0.39 0.39 0.39 0.39 0.39 0.39 0.39 0.39 0.39 0.39 0.39 0.4 0.4 0.4 0.4 0.4 0.4 0.4 0.4 0.41 0.41 0.41 0.41 0.41 0.41 0.41 0.41 0.41 0.41 0.41 0.41 0.42 0.42 0.42 0.42 0.42 0.42 0.42 0.42 0.42 0.42 0.42 0.42 0.42 0.43 0.43 0.43 0.43 0.43 0.43 0.44 0.44 0.44 0.44 0.44 0.44 0.44 0.44 0.44 0.44 0.44 0.45 0.45 0.45 0.45 0.45 0.45 0.45 0.45 0.45 0.45 0.45 0.45 0.45 0.46 0.46 0.46 0.46 0.46 0.46 0.46 0.46 0.46 0.46 0.47 0.47 0.47 0.47 0.47 0.47 0.47 0.47 0.47 0.47 0.47 0.47 0.48 0.48 0.48 0.48 0.48 0.48 0.48 0.49 0.49 0.49 0.49 0.49 0.49 0.49 0.5 0.5 0.5 0.5 0.51 0.51 0.51 0.51 0.51 0.52 0.52 0.52 0.52 0.52 0.52 0.52 0.53 0.53 0.53 0.53 0.53 0.53 0.54 0.54 0.54 0.54 0.54 0.54 0.55 0.55 0.55 0.55 0.55 0.55 0.55 0.55 0.55 0.55 0.55 0.55 0.55 0.56 0.56 0.56 0.56 0.56 0.56 0.56 0.56 0.57 0.57 0.57 0.57 0.57 0.57 0.57 0.57 0.57 0.57 0.57 0.57 0.57 0.57 0.57 0.57 0.57 0.57 0.57 0.57 0.57 0.58 0.58 0.58 0.58 0.58 0.58 0.58 0.58 0.58 0.58 0.58 0.59 0.59 0.59 0.59 0.59 0.59 0.59 0.59 0.59 0.59 0.59 0.59 0.59 0.59 0.59 0.6 0.6 0.6 0.6 0.6 0.6 0.6 0.6 0.6 0.6 0.6 0.6 0.61 0.61 0.61 0.61 0.61 0.61 0.61 0.61 0.61 0.61 0.61 0.61 0.61 0.61 0.61 0.61 0.62 0.62 0.62 0.62 0.62 0.62 0.62 0.62 0.62 0.63 0.63 0.63 0.63 0.63 0.64 0.64 0.65 0.65 0.66 0.66 0.68 0.68 0.68 0.69 0.69 0.69 0.69 0.69 0.7 0.7 0.7 0.7 0.7 0.71 0.71 0.71 0.71 0.71 0.71 0.71 0.71 0.71 0.72 0.72 0.72 0.72 0.73 0.73 0.73 0.73 0.74 0.76 0.76 0.76 0.76 0.77 0.77 0.77 0.77 0.79 0.79 0.79 0.8 0.8 0.8 0.8 0.8 0.8 0.8 0.8 0.81 0.81 0.81 0.81 0.81 0.81 0.81 0.81 0.82 0.82 0.82 0.83 0.83 0.83 0.83 0.84 0.84 0.84 0.84 0.84 0.84 0.84 0.85 0.85 0.86 0.86 0.86 0.86 0.86 0.87 0.88 0.88 0.89 0.9 0.9 0.9 0.91 0.91 0.92 0.92 0.92 0.93 0.93 
bonr9 0.24 0.33 0.36 0.4 0.38 0.32 0.42 0.37 0.41 0.34 0.19 0.46 0.32 0.44 0.25 0.38 0.25 0.17 0.47 0.38 
rand9 0.26 0.17 0.35 0.24 0.33 0.26 0.19 0.27 0.19 0.31 0.31 0.27 0.36 0.51 0.3 0.24 0.38 0.39 0.47 0.31 
bonr15 0.26 0.19 0.38 0.32 0.39 0.27 0.25 0.36 0.25 0.39 0.28 0.39 0.44 0.33 0.19 0.2 0.27 0.17 0.36 0.31 
rand15 0.4 0.26 0.31 0.42 0.3 0.26 0.3 0.27 0.17 0.26 0.17 0.34 0.26 0.28 0.37 0.32 0.25 0.35 0.33 0.38 
bonr20 0.36 0.34 0.25 0.34 0.32 0.32 0.17 0.3 0.25 0.38 0.31 0.33 0.32 0.25 0.31 0.33 0.2 0.31 0.34 0.3 
rand20 0.32 0.39 0.38 0.27 0.19 0.32 0.35 0.26 0.35 0.35 0.35 0.28 0.25 0.2 0.2 0.27 0.31 0.31 0.24 0.33 
rand358 0.17 0.17 0.17 0.17 0.17 0.17 0.17 0.17 0.17 0.17 0.17 0.17 0.17 0.17 0.19 0.17 0.17 0.17 0.17 0.17 
